function[Stiffness] = corner_stiffness(F_z)

Stiffness = 557.4233 + (-219.0921 -557.4233)/(1 + (F_z/382.8548)^3.585438);
b=0;
